   0.00000000       1.00000000    
   6.28318544E-03  0.999980271    
   1.25663709E-02  0.999921024    
   1.88495554E-02  0.999822319    
   2.51327418E-02  0.999684155    
   3.14159282E-02  0.999506533    
   3.76991108E-02  0.999289393    
   4.39822972E-02  0.999032795    
   5.02654836E-02  0.998736680    
   5.65486699E-02  0.998401105    
   6.28318563E-02  0.998026073    
   6.91150427E-02  0.997611582    
   7.53982216E-02  0.997157574    
   8.16814080E-02  0.996664047    
   8.79645944E-02  0.996131122    
   9.42477807E-02  0.995558679    
  0.100530967      0.994946778    
  0.106814153      0.994295359    
  0.113097340      0.993604481    
  0.119380526      0.992874146    
  0.125663713      0.992104292    
  0.131946892      0.991294980    
  0.138230085      0.990446210    
  0.144513264      0.989557981    
  0.150796443      0.988630235    
  0.157079637      0.987662971    
  0.163362816      0.986656308    
  0.169646010      0.985610127    
  0.175929189      0.984524488    
  0.182212383      0.983399332    
  0.188495561      0.982234716    
  0.194778755      0.981030643    
  0.201061934      0.979787052    
  0.207345113      0.978504002    
  0.213628307      0.977181494    
  0.219911486      0.975819468    
  0.226194680      0.974417984    
  0.232477859      0.972977042    
  0.238761052      0.971496582    
  0.245044231      0.969976664    
  0.251327425      0.968417287    
  0.257610589      0.966818392    
  0.263893783      0.965180039    
  0.270176977      0.963502228    
  0.276460171      0.961784899    
  0.282743335      0.960028112    
  0.289026529      0.958231807    
  0.295309722      0.956396103    
  0.301592886      0.954520881    
  0.307876080      0.952606142    
  0.314159274      0.950652003    
  0.320442468      0.948658288    
  0.326725632      0.946625173    
  0.333008826      0.944552541    
  0.339292020      0.942440450    
  0.345575213      0.940288901    
  0.351858377      0.938097835    
  0.358141571      0.935867310    
  0.364424765      0.933597326    
  0.370707929      0.931287825    
  0.376991123      0.928938866    
  0.383274317      0.926550388    
  0.389557511      0.924122453    
  0.395840675      0.921655059    
  0.402123868      0.919148207    
  0.408407062      0.916601837    
  0.414690226      0.914016008    
  0.420973420      0.911390662    
  0.427256614      0.908725917    
  0.433539808      0.906021595    
  0.439822972      0.903277874    
  0.446106166      0.900494635    
  0.452389359      0.897671938    
  0.458672523      0.894809783    
  0.464955717      0.891908109    
  0.471238911      0.888966918    
  0.477522105      0.885986328    
  0.483805269      0.882966220    
  0.490088463      0.879906654    
  0.496371657      0.876807570    
  0.502654850      0.873669028    
  0.508938015      0.870491028    
  0.515221179      0.867273569    
  0.521504402      0.864016593    
  0.527787566      0.860720158    
  0.534070790      0.857384205    
  0.540353954      0.854008794    
  0.546637118      0.850593925    
  0.552920341      0.847139537    
  0.559203506      0.843645692    
  0.565486670      0.840112448    
  0.571769893      0.836539626    
  0.578053057      0.832927346    
  0.584336221      0.829275608    
  0.590619445      0.825584352    
  0.596902609      0.821853638    
  0.603185773      0.818083465    
  0.609468997      0.814273775    
  0.615752161      0.810424626    
  0.622035384      0.806535959    
  0.628318548      0.802607894    
  0.634601712      0.798640370    
  0.640884936      0.794633269    
  0.647168100      0.790586710    
  0.653451264      0.786500692    
  0.659734488      0.782375216    
  0.666017652      0.778210223    
  0.672300816      0.774005771    
  0.678584039      0.769761860    
  0.684867203      0.765478492    
  0.691150427      0.761155546    
  0.697433591      0.756793201    
  0.703716755      0.752391338    
  0.709999979      0.747950017    
  0.716283143      0.743469238    
  0.722566307      0.738948941    
  0.728849530      0.734389186    
  0.735132694      0.729789972    
  0.741415858      0.725151300    
  0.747699082      0.720473051    
  0.753982246      0.715755343    
  0.760265410      0.710998297    
  0.766548634      0.706201553    
  0.772831798      0.701365471    
  0.779115021      0.696489930    
  0.785398185      0.691574812    
  0.791681349      0.686620355    
  0.797964573      0.681626260    
  0.804247737      0.676592827    
  0.810530901      0.671519816    
  0.816814125      0.666407347    
  0.823097289      0.661255419    
  0.829380453      0.656064034    
  0.835663676      0.650833130    
  0.841946840      0.645562768    
  0.848230064      0.640252888    
  0.854513228      0.634903550    
  0.860796392      0.629514813    
  0.867079616      0.624086499    
  0.873362780      0.618618727    
  0.879645944      0.613111496    
  0.885929167      0.607564747    
  0.892212331      0.601978540    
  0.898495495      0.596352935    
  0.904778719      0.590687752    
  0.911061883      0.584983110    
  0.917345047      0.579239011    
  0.923628271      0.573455453    
  0.929911435      0.567632318    
  0.936194658      0.561769783    
  0.942477822      0.555867791    
  0.948760986      0.549926281    
  0.955044210      0.543945312    
  0.961327374      0.537924826    
  0.967610538      0.531864882    
  0.973893762      0.525765479    
  0.980176926      0.519626617    
  0.986460090      0.513448238    
  0.992743313      0.507230401    
  0.999026477      0.500973046    
   1.00530970      0.494676232    
   1.01159286      0.488339961    
   1.01787603      0.481964171    
   1.02415919      0.475548983    
   1.03044236      0.469094276    
   1.03672564      0.462599993    
   1.04300880      0.456066310    
   1.04929197      0.449493170    
   1.05557513      0.442880571    
   1.06185830      0.436228454    
   1.06814158      0.429536760    
   1.07442474      0.422805727    
   1.08070791      0.416035235    
   1.08699107      0.409225225    
   1.09327424      0.402375698    
   1.09955740      0.395486772    
   1.10584068      0.388558209    
   1.11212385      0.381590247    
   1.11840701      0.374582887    
   1.12469018      0.367536008    
   1.13097334      0.360449672    
   1.13725662      0.353323698    
   1.14353979      0.346158385    
   1.14982295      0.338953614    
   1.15610611      0.331709325    
   1.16238928      0.324425578    
   1.16867244      0.317102373    
   1.17495573      0.309739530    
   1.18123889      0.302337348    
   1.18752205      0.294895709    
   1.19380522      0.287414551    
   1.20008838      0.279893935    
   1.20637155      0.272333860    
   1.21265483      0.264734149    
   1.21893799      0.257095098    
   1.22522116      0.249416530    
   1.23150432      0.241698563    
   1.23778749      0.233941078    
   1.24407077      0.226143956    
   1.25035393      0.218307495    
   1.25663710      0.210431576    
   1.26292026      0.202516198    
   1.26920342      0.194561362    
   1.27548659      0.186567008    
   1.28176987      0.178533018    
   1.28805304      0.170459688    
   1.29433620      0.162346900    
   1.30061936      0.154194653    
   1.30690253      0.146002889    
   1.31318581      0.137771487    
   1.31946898      0.129500806    
   1.32575214      0.121190608    
   1.33203530      0.112840950    
   1.33831847      0.104451835    
   1.34460163       9.60232019E-02
   1.35088491       8.75549912E-02
   1.35716808       7.90473819E-02
   1.36345124       7.05003738E-02
   1.36973441       6.19138479E-02
   1.37601757       5.32878041E-02
   1.38230085       4.46221828E-02
   1.38858402       3.59172225E-02
   1.39486718       2.71727443E-02
   1.40115035       1.83888674E-02
   1.40743351       9.56547260E-03
   1.41371667       7.02559948E-04
   1.41999996      -8.19993019E-03
   1.42628312      -1.71418190E-02
   1.43256629      -2.61230469E-02
   1.43884945      -3.51438522E-02
   1.44513261      -4.42041159E-02
   1.45141590      -5.33040762E-02
   1.45769906      -6.24432564E-02
   1.46398222      -7.16220140E-02
   1.47026539      -8.08401108E-02
   1.47654855      -9.00977850E-02
   1.48283172      -9.93949175E-02
   1.48911500     -0.108731747    
   1.49539816     -0.118107796    
   1.50168133     -0.127523422    
   1.50796449     -0.136978507    
   1.51424766     -0.146472931    
   1.52053082     -0.156006932    
   1.52681410     -0.165580630    
   1.53309727     -0.175193667    
   1.53938043     -0.184846044    
   1.54566360     -0.194537997    
   1.55194676     -0.204269409    
   1.55823004     -0.214040399    
   1.56451321     -0.223850727    
   1.57079637     -0.233700633    
   1.57707953     -0.243589878    
   1.58336270     -0.253518701    
   1.58964586     -0.263486981    
   1.59592915     -0.273494959    
   1.60221231     -0.283542156    
   1.60849547     -0.293628812    
   1.61477864     -0.303755045    
   1.62106180     -0.313920736    
   1.62734509     -0.324126005    
   1.63362825     -0.334370613    
   1.63991141     -0.344654679    
   1.64619458     -0.354978323    
   1.65247774     -0.365341306    
   1.65876091     -0.375743866    
   1.66504419     -0.386186123    
   1.67132735     -0.396667600    
   1.67761052     -0.407188535    
   1.68389368     -0.417748928    
   1.69017684     -0.428348899    
   1.69646013     -0.438988447    
   1.70274329     -0.449667335    
   1.70902646     -0.460385680    
   1.71530962     -0.471143603    
   1.72159278     -0.481940866    
   1.72787595     -0.492777705    
   1.73415923     -0.503654122    
   1.74044240     -0.514569879    
   1.74672556     -0.525525093    
   1.75300872     -0.536519766    
   1.75929189     -0.547554016    
   1.76557505     -0.558627605    
   1.77185833     -0.569741011    
   1.77814150     -0.580893636    
   1.78442466     -0.592085719    
   1.79070783     -0.603317261    
   1.79699099     -0.614588261    
   1.80327427     -0.625899076    
   1.80955744     -0.637249112    
   1.81584060     -0.648638487    
   1.82212377     -0.660067558    
   1.82840693     -0.671535969    
   1.83469009     -0.683043838    
   1.84097338     -0.694591522    
   1.84725654     -0.706178308    
   1.85353971     -0.717804670    
   1.85982287     -0.729470611    
   1.86610603     -0.741175890    
   1.87238932     -0.752920866    
   1.87867248     -0.764705181    
   1.88495564     -0.776528835    
   1.89123881     -0.788392067    
   1.89752197     -0.800294876    
   1.90380514     -0.812237024    
   1.91008842     -0.824218869    
   1.91637158     -0.836240053    
   1.92265475     -0.848300695    
   1.92893791     -0.860400677    
   1.93522108     -0.872540355    
   1.94150436     -0.884719610    
   1.94778752     -0.896938086    
   1.95407069     -0.909196138    
   1.96035385     -0.921493649    
   1.96663702     -0.933830619    
   1.97292018     -0.946207047    
   1.97920346     -0.958623171    
   1.98548663     -0.971078515    
   1.99176979     -0.983573437    
   1.99805295     -0.996107817    
   2.00433612      -1.00868154    
   2.01061940      -1.02129507    
   2.01690245      -1.03394771    
   2.02318573      -1.04664016    
   2.02946901      -1.05937219    
   2.03575206      -1.07214332    
   2.04203534      -1.08495426    
   2.04831839      -1.09780407    
   2.05460167      -1.11069393    
   2.06088471      -1.12362289    
   2.06716800      -1.13659167    
   2.07345128      -1.14960003    
   2.07973433      -1.16264749    
   2.08601761      -1.17573476    
   2.09230065      -1.18886089    
   2.09858394      -1.20202732    
   2.10486722      -1.21523309    
   2.11115026      -1.22847772    
   2.11743355      -1.24176240    
   2.12371659      -1.25508618    
   2.12999988      -1.26844978    
   2.13628316      -1.28185296    
   2.14256620      -1.29529500    
   2.14884949      -1.30877709    
   2.15513253      -1.32229805    
   2.16141582      -1.33585906    
   2.16769886      -1.34945917    
   2.17398214      -1.36309910    
   2.18026543      -1.37677860    
   2.18654847      -1.39049721    
   2.19283175      -1.40425563    
   2.19911480      -1.41805291    
   2.20539808      -1.43189025    
   2.21168137      -1.44576716    
   2.21796441      -1.45968318    
   2.22424769      -1.47363901    
   2.23053074      -1.48763371    
   2.23681402      -1.50166845    
   2.24309731      -1.51574278    
   2.24938035      -1.52985597    
   2.25566363      -1.54400921    
   2.26194668      -1.55820131    
   2.26822996      -1.57243347    
   2.27451324      -1.58670521    
   2.28079629      -1.60101581    
   2.28707957      -1.61536646    
   2.29336262      -1.62975597    
   2.29964590      -1.64418554    
   2.30592895      -1.65865421    
   2.31221223      -1.67316270    
   2.31849551      -1.68771076    
   2.32477856      -1.70229769    
   2.33106184      -1.71692467    
   2.33734488      -1.73159051    
   2.34362817      -1.74629641    
   2.34991145      -1.76104188    
   2.35619450      -1.77582622    
   2.36247778      -1.79065061    
   2.36876082      -1.80551386    
   2.37504411      -1.82041717    
   2.38132739      -1.83536005    
   2.38761044      -1.85034180    
   2.39389372      -1.86536360    
   2.40017676      -1.88042426    
   2.40646005      -1.89552498    
   2.41274309      -1.91066456    
   2.41902637      -1.92584419    
   2.42530966      -1.94106340    
   2.43159270      -1.95632148    
   2.43787599      -1.97161961    
   2.44415903      -1.98695660    
   2.45044231      -2.00233388    
   2.45672560      -2.01775026    
   2.46300864      -2.03320575    
   2.46929193      -2.04870129    
   2.47557497      -2.06423569    
   2.48185825      -2.07981014    
   2.48814154      -2.09542418    
   2.49442458      -2.11107707    
   2.50070786      -2.12677002    
   2.50699091      -2.14250159    
   2.51327419      -2.15827370    
   2.51955748      -2.17408490    
   2.52584052      -2.18993521    
   2.53212380      -2.20582557    
   2.53840685      -2.22175455    
   2.54469013      -2.23772383    
   2.55097318      -2.25373197    
   2.55725646      -2.26978040    
   2.56353974      -2.28586793    
   2.56982279      -2.30199456    
   2.57610607      -2.31816125    
   2.58238912      -2.33436680    
   2.58867240      -2.35061240    
   2.59495568      -2.36689758    
   2.60123873      -2.38322139    
   2.60752201      -2.39958549    
   2.61380506      -2.41598845    
   2.62008834      -2.43243146    
   2.62637162      -2.44891405    
   2.63265467      -2.46543527    
   2.63893795      -2.48199677    
   2.64522099      -2.49859715    
   2.65150428      -2.51523757    
   2.65778756      -2.53191733    
   2.66407061      -2.54863620    
   2.67035389      -2.56539488    
   2.67663693      -2.58219266    
   2.68292022      -2.59903049    
   2.68920326      -2.61590719    
   2.69548655      -2.63282394    
   2.70176983      -2.64978004    
   2.70805287      -2.66677523    
   2.71433616      -2.68381047    
   2.72061920      -2.70088434    
   2.72690248      -2.71799850    
   2.73318577      -2.73515224    
   2.73946881      -2.75234461    
   2.74575210      -2.76957726    
   2.75203514      -2.78684878    
   2.75831842      -2.80416036    
   2.76460171      -2.82151127    
   2.77088475      -2.83890104    
   2.77716804      -2.85633111    
   2.78345108      -2.87380004    
   2.78973436      -2.89130902    
   2.79601741      -2.90885663    
   2.80230069      -2.92644453    
   2.80858397      -2.94407201    
   2.81486702      -2.96173811    
   2.82115030      -2.97944450    
   2.82743335      -2.99718976    
   2.83371663      -3.01497507    
   2.83999991      -3.03279972    
   2.84628296      -3.05066347    
   2.85256624      -3.06856728    
   2.85884929      -3.08650970    
   2.86513257      -3.10449219    
   2.87141585      -3.12251472    
   2.87769890      -3.14057541    
   2.88398218      -3.15867662    
   2.89026523      -3.17681646    
   2.89654851      -3.19499683    
   2.90283179      -3.21321630    
   2.90911484      -3.23147440    
   2.91539812      -3.24977303    
   2.92168117      -3.26811028    
   2.92796445      -3.28648806    
   2.93424749      -3.30490398    
   2.94053078      -3.32336044    
   2.94681406      -3.34185648    
   2.95309711      -3.36039114    
   2.95938039      -3.37896633    
   2.96566343      -3.39757967    
   2.97194672      -3.41623354    
   2.97823000      -3.43492699    
   2.98451304      -3.45365906    
   2.99079633      -3.47243118    
   2.99707937      -3.49124241    
   3.00336266      -3.51009369    
   3.00964594      -3.52898455    
   3.01592898      -3.54791403    
   3.02221227      -3.56688356    
   3.02849531      -3.58589172    
   3.03477859      -3.60494041    
   3.04106164      -3.62402773    
   3.04734492      -3.64315557    
   3.05362821      -3.66232252    
   3.05991125      -3.68152857    
   3.06619453      -3.70077467    
   3.07247758      -3.72005939    
   3.07876086      -3.73938417    
   3.08504415      -3.75874853    
   3.09132719      -3.77815199    
   3.09761047      -3.79759550    
   3.10389352      -3.81707764    
   3.11017680      -3.83659983    
   3.11646008      -3.85616159    
   3.12274313      -3.87576246    
   3.12902641      -3.89540291    
   3.13530946      -3.91508293    
   3.14159274      -3.93480253    
   3.14787602      -3.95456171    
   3.15415907      -3.97435951    
   3.16044235      -3.99419785    
   3.16672540      -4.01407480    
   3.17300868      -4.03399181    
   3.17929173      -4.05394793    
   3.18557501      -4.07394409    
   3.19185829      -4.09397984    
   3.19814134      -4.11405420    
   3.20442462      -4.13416862    
   3.21070766      -4.15432167    
   3.21699095      -4.17451525    
   3.22327423      -4.19474840    
   3.22955728      -4.21502018    
   3.23584056      -4.23533201    
   3.24212360      -4.25568295    
   3.24840689      -4.27607346    
   3.25469017      -4.29650402    
   3.26097322      -4.31697321    
   3.26725650      -4.33748245    
   3.27353954      -4.35803080    
   3.27982283      -4.37861872    
   3.28610587      -4.39924574    
   3.29238915      -4.41991329    
   3.29867244      -4.44061995    
   3.30495548      -4.46136522    
   3.31123877      -4.48215103    
   3.31752181      -4.50297546    
   3.32380509      -4.52383995    
   3.33008838      -4.54474449    
   3.33637142      -4.56568718    
   3.34265471      -4.58667040    
   3.34893775      -4.60769224    
   3.35522103      -4.62875414    
   3.36150432      -4.64985561    
   3.36778736      -4.67099571    
   3.37407064      -4.69217634    
   3.38035369      -4.71339560    
   3.38663697      -4.73465490    
   3.39292026      -4.75595379    
   3.39920330      -4.77729177    
   3.40548658      -4.79866934    
   3.41176963      -4.82008600    
   3.41805291      -4.84154272    
   3.42433596      -4.86303854    
   3.43061924      -4.88457441    
   3.43690252      -4.90614939    
   3.44318557      -4.92776346    
   3.44946885      -4.94941759    
   3.45575190      -4.97111082    
   3.46203518      -4.99284363    
   3.46831846      -5.01461649    
   3.47460151      -5.03642797    
   3.48088479      -5.05827951    
   3.48716784      -5.08016968    
   3.49345112      -5.10210037    
   3.49973440      -5.12407064    
   3.50601745      -5.14607906    
   3.51230073      -5.16812801    
   3.51858377      -5.19021606    
   3.52486706      -5.21234369    
   3.53115010      -5.23451042    
   3.53743339      -5.25671768    
   3.54371667      -5.27896404    
   3.54999971      -5.30124903    
   3.55628300      -5.32357454    
   3.56256604      -5.34593821    
   3.56884933      -5.36834288    
   3.57513261      -5.39078665    
   3.58141565      -5.41326904    
   3.58769894      -5.43579197    
   3.59398198      -5.45835304    
   3.60026526      -5.48095512    
   3.60654855      -5.50359631    
   3.61283159      -5.52627611    
   3.61911488      -5.54899645    
   3.62539792      -5.57175493    
   3.63168120      -5.59455395    
   3.63796449      -5.61739302    
   3.64424753      -5.64027023    
   3.65053082      -5.66318750    
   3.65681386      -5.68614388    
   3.66309714      -5.70914030    
   3.66938019      -5.73217535    
   3.67566347      -5.75525093    
   3.68194675      -5.77836609    
   3.68822980      -5.80151939    
   3.69451308      -5.82471323    
   3.70079613      -5.84794617    
   3.70707941      -5.87121868    
   3.71336269      -5.89453125    
   3.71964574      -5.91788244    
   3.72592902      -5.94127369    
   3.73221207      -5.96470356    
   3.73849535      -5.98817396    
   3.74477863      -6.01168346    
   3.75106168      -6.03523207    
   3.75734496      -6.05882072    
   3.76362801      -6.08244801    
   3.76991129      -6.10611534    
   3.77619433      -6.12982178    
   3.78247762      -6.15356827    
   3.78876090      -6.17735481    
   3.79504395      -6.20117950    
   3.80132723      -6.22504425    
   3.80761027      -6.24894810    
   3.81389356      -6.27289200    
   3.82017684      -6.29687548    
   3.82645988      -6.32089758    
   3.83274317      -6.34496021    
   3.83902621      -6.36906099    
   3.84530950      -6.39320278    
   3.85159278      -6.41738367    
   3.85787582      -6.44160271    
   3.86415911      -6.46586275    
   3.87044215      -6.49016142    
   3.87672544      -6.51450014    
   3.88300872      -6.53887844    
   3.88929176      -6.56329536    
   3.89557505      -6.58775234    
   3.90185809      -6.61224842    
   3.90814137      -6.63678455    
   3.91442442      -6.66135931    
   3.92070770      -6.68597460    
   3.92699099      -6.71062899    
   3.93327403      -6.73532248    
   3.93955731      -6.76005602    
   3.94584036      -6.78482819    
   3.95212364      -6.80964041    
   3.95840693      -6.83449268    
   3.96468997      -6.85938311    
   3.97097325      -6.88431406    
   3.97725630      -6.90928364    
   3.98353958      -6.93429375    
   3.98982286      -6.95934343    
   3.99610591      -6.98443127    
   4.00238895      -7.00955868    
   4.00867224      -7.03472614    
   4.01495552      -7.05993366    
   4.02123880      -7.08518028    
   4.02752209      -7.11046696    
   4.03380489      -7.13579082    
   4.04008818      -7.16115665    
   4.04637146      -7.18656063    
   4.05265474      -7.21200562    
   4.05893803      -7.23748875    
   4.06522083      -7.26301003    
   4.07150412      -7.28857327    
   4.07778740      -7.31417465    
   4.08407068      -7.33981705    
   4.09035349      -7.36549568    
   4.09663677      -7.39121628    
   4.10292006      -7.41697693    
   4.10920334      -7.44277573    
   4.11548662      -7.46861553    
   4.12176943      -7.49449158    
   4.12805271      -7.52040958    
   4.13433599      -7.54636669    
   4.14061928      -7.57236385    
   4.14690256      -7.59840012    
   4.15318537      -7.62447453    
   4.15946865      -7.65058994    
   4.16575193      -7.67674446    
   4.17203522      -7.70293903    
   4.17831850      -7.72917271    
   4.18460131      -7.75544357    
   4.19088459      -7.78175640    
   4.19716787      -7.80810928    
   4.20345116      -7.83450127    
   4.20973444      -7.86093235    
   4.21601725      -7.88740063    
   4.22230053      -7.91391087    
   4.22858381      -7.94046021    
   4.23486710      -7.96704960    
   4.24115038      -7.99367809    
   4.24743319      -8.02034473    
   4.25371647      -8.04705143    
   4.25999975      -8.07379913    
   4.26628304      -8.10058594    
   4.27256632      -8.12741184    
   4.27884912      -8.15427494    
   4.28513241      -8.18118000    
   4.29141569      -8.20812416    
   4.29769897      -8.23510838    
   4.30398226      -8.26213169    
   4.31026506      -8.28919220    
   4.31654835      -8.31629467    
   4.32283163      -8.34343624    
   4.32911491      -8.37061787    
   4.33539772      -8.39783669    
   4.34168100      -8.42509651    
   4.34796429      -8.45239639    
   4.35424757      -8.47973633    
   4.36053085      -8.50711441    
   4.36681366      -8.53453064    
   4.37309694      -8.56198883    
   4.37938023      -8.58948517    
   4.38566351      -8.61702251    
   4.39194679      -8.64459801    
   4.39822960      -8.67221165    
   4.40451288      -8.69986725    
   4.41079617      -8.72756100    
   4.41707945      -8.75529575    
   4.42336273      -8.78306866    
   4.42964554      -8.81087971    
   4.43592882      -8.83873272    
   4.44221210      -8.86662388    
   4.44849539      -8.89455605    
   4.45477867      -8.92252636    
   4.46106148      -8.95053482    
   4.46734476      -8.97858429    
   4.47362804      -9.00667381    
   4.47991133      -9.03480244    
   4.48619461      -9.06297112    
   4.49247742      -9.09117699    
   4.49876070      -9.11942387    
   4.50504398      -9.14771080    
   4.51132727      -9.17603683    
   4.51761055      -9.20440292    
   4.52389336      -9.23280525    
   4.53017664      -9.26125050    
   4.53645992      -9.28973389    
   4.54274321      -9.31825829    
   4.54902649      -9.34682083    
   4.55530930      -9.37542152    
   4.56159258      -9.40406322    
   4.56787586      -9.43274498    
   4.57415915      -9.46146584    
   4.58044195      -9.49022388    
   4.58672523      -9.51902390    
   4.59300852      -9.54786396    
   4.59929180      -9.57674217    
   4.60557508      -9.60566139    
   4.61185789      -9.63461685    
   4.61814117      -9.66361427    
   4.62442446      -9.69265079    
   4.63070774      -9.72172737    
   4.63699102      -9.75084305    
   4.64327383      -9.77999592    
   4.64955711      -9.80919075    
   4.65584040      -9.83842468    
   4.66212368      -9.86769867    
   4.66840696      -9.89701176    
   4.67468977      -9.92636204    
   4.68097305      -9.95575428    
   4.68725634      -9.98518562    
   4.69353962      -10.0146570    
   4.69982290      -10.0441675    
   4.70610571      -10.0737152    
   4.71238899      -10.1033049    
   4.71867228      -10.1329336    
   4.72495556      -10.1626024    
   4.73123884      -10.1923103    
   4.73752165      -10.2220554    
   4.74380493      -10.2518425    
   4.75008821      -10.2816687    
   4.75637150      -10.3115349    
   4.76265478      -10.3414402    
   4.76893759      -10.3713827    
   4.77522087      -10.4013672    
   4.78150415      -10.4313908    
   4.78778744      -10.4614544    
   4.79407072      -10.4915571    
   4.80035353      -10.5216970    
   4.80663681      -10.5518789    
   4.81292009      -10.5820999    
   4.81920338      -10.6123610    
   4.82548618      -10.6426582    
   4.83176947      -10.6729984    
   4.83805275      -10.7033768    
   4.84433603      -10.7337961    
   4.85061932      -10.7642536    
   4.85690212      -10.7947493    
   4.86318541      -10.8252859    
   4.86946869      -10.8558626    
   4.87575197      -10.8864784    
   4.88203526      -10.9171343    
   4.88831806      -10.9478264    
   4.89460135      -10.9785614    
   4.90088463      -11.0093355    
   4.90716791      -11.0401487    
   4.91345119      -11.0710011    
   4.91973400      -11.1018915    
   4.92601728      -11.1328230    
   4.93230057      -11.1637945    
   4.93858385      -11.1948051    
   4.94486713      -11.2258558    
   4.95114994      -11.2569427    
   4.95743322      -11.2880716    
   4.96371651      -11.3192406    
   4.96999979      -11.3504486    
   4.97628307      -11.3816967    
   4.98256588      -11.4129810    
   4.98884916      -11.4443083    
   4.99513245      -11.4756737    
   5.00141573      -11.5070801    
   5.00769901      -11.5385246    
   5.01398182      -11.5700064    
   5.02026510      -11.6015310    
   5.02654839      -11.6330948    
   5.03283167      -11.6646976    
   5.03911495      -11.6963396    
   5.04539776      -11.7280197    
   5.05168104      -11.7597408    
   5.05796432      -11.7915020    
   5.06424761      -11.8233023    
   5.07053089      -11.8551416    
   5.07681370      -11.8870182    
   5.08309698      -11.9189377    
   5.08938026      -11.9508953    
   5.09566355      -11.9828939    
   5.10194635      -12.0149279    
   5.10822964      -12.0470047    
   5.11451292      -12.0791216    
   5.12079620      -12.1112766    
   5.12707949      -12.1434717    
   5.13336229      -12.1757040    
   5.13964558      -12.2079782    
   5.14592886      -12.2402916    
   5.15221214      -12.2726450    
   5.15849543      -12.3050375    
   5.16477823      -12.3374672    
   5.17106152      -12.3699389    
   5.17734480      -12.4024496    
   5.18362808      -12.4350004    
   5.18991137      -12.4675903    
   5.19619417      -12.5002165    
   5.20247746      -12.5328856    
   5.20876074      -12.5655947    
   5.21504402      -12.5983419    
   5.22132730      -12.6311293    
   5.22761011      -12.6639538    
   5.23389339      -12.6968203    
   5.24017668      -12.7297258    
   5.24645996      -12.7626715    
   5.25274324      -12.7956562    
   5.25902605      -12.8286772    
   5.26530933      -12.8617411    
   5.27159262      -12.8948441    
   5.27787590      -12.9279871    
   5.28415918      -12.9611692    
   5.29044199      -12.9943886    
   5.29672527      -13.0276489    
   5.30300856      -13.0609503    
   5.30929184      -13.0942898    
   5.31557512      -13.1276693    
   5.32185793      -13.1610861    
   5.32814121      -13.1945448    
   5.33442450      -13.2280426    
   5.34070778      -13.2615795    
   5.34699059      -13.2951546    
   5.35327387      -13.3287706    
   5.35955715      -13.3624268    
   5.36584044      -13.3961220    
   5.37212372      -13.4298563    
   5.37840652      -13.4636288    
   5.38468981      -13.4974422    
   5.39097309      -13.5312958    
   5.39725637      -13.5651884    
   5.40353966      -13.5991201    
   5.40982246      -13.6330900    
   5.41610575      -13.6671009    
   5.42238903      -13.7011518    
   5.42867231      -13.7352419    
   5.43495560      -13.7693710    
   5.44123840      -13.8035374    
   5.44752169      -13.8377466    
   5.45380497      -13.8719940    
   5.46008825      -13.9062815    
   5.46637154      -13.9406090    
   5.47265434      -13.9749727    
   5.47893763      -14.0093784    
   5.48522091      -14.0438242    
   5.49150419      -14.0783091    
   5.49778748      -14.1128340    
   5.50407028      -14.1473951    
   5.51035357      -14.1819983    
   5.51663685      -14.2166414    
   5.52292013      -14.2513237    
   5.52920341      -14.2860451    
   5.53548622      -14.3208036    
   5.54176950      -14.3556042    
   5.54805279      -14.3904448    
   5.55433607      -14.4253244    
   5.56061935      -14.4602442    
   5.56690216      -14.4952002    
   5.57318544      -14.5301981    
   5.57946873      -14.5652361    
   5.58575201      -14.6003132    
   5.59203482      -14.6354265    
   5.59831810      -14.6705828    
   5.60460138      -14.7057781    
   5.61088467      -14.7410135    
   5.61716795      -14.7762880    
   5.62345076      -14.8115988    
   5.62973404      -14.8469524    
   5.63601732      -14.8823452    
   5.64230061      -14.9177780    
   5.64858389      -14.9532499    
   5.65486670      -14.9887590    
   5.66114998      -15.0243092    
   5.66743326      -15.0599003    
   5.67371655      -15.0955296    
   5.67999983      -15.1311989    
   5.68628263      -15.1669044    
   5.69256592      -15.2026539    
   5.69884920      -15.2384415    
   5.70513248      -15.2742691    
   5.71141577      -15.3101349    
   5.71769857      -15.3460388    
   5.72398186      -15.3819847    
   5.73026514      -15.4179688    
   5.73654842      -15.4539948    
   5.74283171      -15.4900589    
   5.74911451      -15.5261593    
   5.75539780      -15.5623016    
   5.76168108      -15.5984840    
   5.76796436      -15.6347065    
   5.77424765      -15.6709671    
   5.78053045      -15.7072659    
   5.78681374      -15.7436066    
   5.79309702      -15.7799873    
   5.79938030      -15.8164062    
   5.80566359      -15.8528652    
   5.81194639      -15.8893604    
   5.81822968      -15.9258976    
   5.82451296      -15.9624748    
   5.83079624      -15.9990921    
   5.83707905      -16.0357456    
   5.84336233      -16.0724411    
   5.84964561      -16.1091766    
   5.85592890      -16.1459522    
   5.86221218      -16.1827660    
   5.86849499      -16.2196159    
   5.87477827      -16.2565098    
   5.88106155      -16.2934418    
   5.88734484      -16.3304138    
   5.89362812      -16.3674259    
   5.89991093      -16.4044743    
   5.90619421      -16.4415646    
   5.91247749      -16.4786949    
   5.91876078      -16.5158653    
   5.92504406      -16.5530739    
   5.93132687      -16.5903187    
   5.93761015      -16.6276073    
   5.94389343      -16.6649342    
   5.95017672      -16.7023010    
   5.95646000      -16.7397079    
   5.96274281      -16.7771511    
   5.96902609      -16.8146362    
   5.97530937      -16.8521614    
   5.98159266      -16.8897247    
   5.98787594      -16.9273300    
   5.99415874      -16.9649696    
   6.00044203      -17.0026531    
   6.00672531      -17.0403748    
   6.01300859      -17.0781364    
   6.01929188      -17.1159382    
   6.02557468      -17.1537743    
   6.03185797      -17.1916561    
   6.03814125      -17.2295742    
   6.04442453      -17.2675343    
   6.05070782      -17.3055325    
   6.05699062      -17.3435669    
   6.06327391      -17.3816452    
   6.06955719      -17.4197617    
   6.07584047      -17.4579182    
   6.08212328      -17.4961109    
   6.08840656      -17.5343475    
   6.09468985      -17.5726223    
   6.10097313      -17.6109371    
   6.10725641      -17.6492901    
   6.11353922      -17.6876812    
   6.11982250      -17.7261143    
   6.12610579      -17.7645855    
   6.13238907      -17.8030987    
   6.13867235      -17.8416500    
   6.14495516      -17.8802376    
   6.15123844      -17.9188671    
   6.15752172      -17.9575367    
   6.16380501      -17.9962463    
   6.17008829      -18.0349941    
   6.17637110      -18.0737801    
   6.18265438      -18.1126080    
   6.18893766      -18.1514740    
   6.19522095      -18.1903820    
   6.20150423      -18.2293282    
   6.20778704      -18.2683105    
   6.21407032      -18.3073349    
   6.22035360      -18.3463993    
   6.22663689      -18.3855038    
   6.23292017      -18.4246464    
   6.23920298      -18.4638271    
   6.24548626      -18.5030499    
   6.25176954      -18.5423107    
   6.25805283      -18.5816116    
   6.26433611      -18.6209526    
   6.27061892      -18.6603317    
   6.27690220      -18.6997509    
   6.28318548      -18.7392101    
